k,k,n_nodes,n_links,n_ods,n_dests,,
1,4,25,80,20,5,25,80
2,8,81,288,156,13,81,288
3,12,169,624,600,25,169,624
4,16,289,1088,1640,41,289,1088
5,20,441,1680,3660,61,441,1680
6,24,625,2400,7140,85,625,2400
7,28,841,3248,12656,113,841,3248
8,32,1089,4224,20880,145,1089,4224
9,36,1369,5328,32580,181,1369,5328
10,40,1681,6560,48620,221,1681,6560
11,44,2025,7920,69960,265,2025,7920
12,48,2401,9408,97656,313,2401,9408
